-0.998415933152
-0.998415667074
-0.998415350719
-0.998415069623
-0.998414823624
-0.998414596789
-0.998414392882
-0.998414268268
-0.998414166163
-0.998414045928
-0.998413902412
-0.9984138074
-0.998413699727
-0.998413551302
-0.998413370454
-0.998413233087
-0.998413093888
-0.998412927587
-0.998412742143
-0.998412608852
-0.998412481132
-0.998412329141
-0.998412222576
-0.998412111091
-0.998411968185
-0.998411800247
-0.998411676824
-0.998411553129
-0.998411402681
-0.998411231395
-0.998411107107
-0.998410984899
-0.998410836512
-0.998410666963
-0.998410543953
-0.998410422371
-0.998410273456
-0.998410102543
-0.998409977495
-0.99840985432
-0.998409703948
-0.998409049688
-0.998409092717
-0.99840909074
-0.998409050791
-0.998409049652
-0.998408995721
-0.99840886389
-0.998408670544
-0.998408502267
-0.998408323866
-0.998408119753
-0.998407903079
-0.998407741995
-0.998407595247
-0.998407432493
-0.998407255412
-0.998407131307
-0.998407008159
-0.998406855122
-0.998406676783
-0.998406544136
-0.99840641031
-0.998406247343
-0.998405579907
-0.998405611055
-0.998405597964
-0.998405548213
-0.998405987789
-0.998405755909
-0.998405492694
-0.998405179768
-0.998404901243
-0.998404658475
-0.998404435423
-0.998404235717
-0.998404114507
-0.998404016188
-0.998403899961
-0.998403760547
-0.998403668761
-0.99840356448
-0.998403419493
-0.998403242048
-0.998403107204
-0.99840297065
-0.99840280701
-0.998402624171
-0.99840249262
-0.998402366754
-0.998402216621
-0.998401469242
-0.998401469354
-0.998401471898
-0.998401468495
-0.998401972132
-0.998401805928
-0.998401595979
-0.99840131907
-0.998401065873
-0.998400832934
-0.998400608497
-0.998400401274
-0.998400269545
-0.998400162915
-0.998400042221
-0.998399902437
-0.998399813329
-0.998399714146
-0.998399575106
-0.998399403154
-0.998399273556
-0.998399140469
-0.998398978261
-0.998398795016
-0.998398661801
-0.998398533533
-0.998398380574
-0.998398271873
-0.998398158797
-0.998398014701
-0.998397845822
-0.998397720524
-0.998397595292
-0.998397443355
-0.998397270479
-0.998397143324
-0.998397018453
-0.998396867482
-0.99839669542
-0.998396568658
-0.998396443815
-0.998396292015
-0.998396118553
-0.998395989842
-0.998395863629
-0.998395710685
-0.998395051667
-0.998395092333
-0.998395088413
-0.998395046931
-0.998395043274
-0.998394987293
-0.998394853712
-0.998394658869
-0.998394488023
-0.998394307594
-0.998394101886
-0.99839388402
-0.998393720778
-0.998393572505
-0.9983934087
-0.998393230966
-0.998393105257
-0.998392981075
-0.998392827403
-0.998392648755
-0.99839251482
-0.998392380231
-0.998392216859
-0.998391546826
-0.998391577781
-0.998391564792
-0.998391515426
-0.998391956934
-0.998391723977
-0.998391460048
0.0
2.68271305989e-08
-1.80163788629e-05
-2.83695058144e-05
-4.32473343476e-05
-5.01518938623e-05
-6.03728700434e-05
-6.7798119335e-05
-8.49479350687e-05
-8.97903961308e-05
-9.40570871861e-05
-9.73852605849e-05
-0.000111277148349
-0.000110027818541
-0.000108670376841
-0.000107330898771
-0.000119242332141
-0.00011541233935
-0.000112000030675
-0.000108977518907
-0.000119916148349
-0.000114737759991
-0.000109939266019
-0.000105561008119
-0.000100786244244
-9.6212523485e-05
-9.25429996585e-05
-8.95194946159e-05
-8.59927201174e-05
-8.22207922685e-05
-7.89149648921e-05
-7.59721640873e-05
-7.21549004023e-05
-6.82185728609e-05
-6.50466316821e-05
-6.26393240696e-05
-5.94852808024e-05
-5.66272503352e-05
-5.48765333878e-05
-5.41394269048e-05
-5.27400063244e-05
-5.17051106809e-05
-5.17713509758e-05
-6.31114929608e-05
-6.15017143346e-05
-6.02517882584e-05
-5.96009305049e-05
-5.79916012789e-05
-5.75764102794e-05
-5.91597366963e-05
-6.24949444013e-05
-6.5657389404e-05
-6.94481383139e-05
-7.42151921079e-05
-7.95727025922e-05
-8.40974256052e-05
-8.83957575504e-05
-9.31022955269e-05
-9.81075308975e-05
-0.000102204374691
-0.000106177915207
-0.000110729973004
-0.000115733072754
-0.000120001068988
-0.000124166305563
-0.00012886484672
-0.000142144414217
-0.00014332663898
-0.000145168888122
-0.000147581007642
-0.000142669550209
-0.000148895200464
-0.00015487210048
-0.000161157867206
-0.000166613692702
-0.000171164885546
-0.000175393067916
-0.000179266984886
-0.000181954390159
-0.000184195154363
-0.000186818260732
-0.000189811934106
-0.000192084898083
-0.000194327906273
-0.000197180833442
-0.000200451348248
-0.000203006074677
-0.000205347472105
-0.000208115581611
-0.000211149086036
-0.000213355043911
-0.000215298637464
-0.000217691036694
-0.000219387991003
-0.000221030022158
-0.000223251945881
-0.000225901768682
-0.00022786075374
-0.000229686537596
-0.000232018858893
-0.000234717230552
-0.000236679340359
-0.000238480790832
-0.000240796414738
-0.000243500559197
-0.000245482825027
-4.10326729096e-06
0.000482587892603
0.00122412756693
0.00197471755482
0.00296800020968
0.00420787108898
0.00558240640759
0.00709254884658
0.00883817980747
0.0108235998432
0.0129412021967
0.0151717733443
0.0176449771267
0.0203401434317
0.0231736049771
0.0261065669771
0.0292694755656
0.0326691902822
0.0360817068962
0.0397001121964
0.0435290058592
0.0475703000045
0.0516220986006
0.0558457710535
0.0602456051978
0.0648169845079
0.0693955581613
0.0741052391642
0.0789458756714
0.0838925740899
0.0888431048138
0.0938806190109
0.0990016082638
0.104174144764
0.109360087095
0.114596310417
0.119876350797
0.125185000424
0.130492223463
0.135818843977
0.141158798166
0.146510436506
0.151849470926
0.157184767292
0.162510954832
0.167836793739
0.173141793584
0.178427570832
0.183689926697
0.188944862174
0.194173968174
0.199375669681
0.20454698071
0.20970805625
0.214841087553
0.219944153528
0.225015285667
0.230076261835
0.234981284012
0.2395981309
0.243917262817
0.248077067704
0.252073087622
0.255769904642
0.259153149466
0.262368325664
0.26542055586
0.268165661797
0.270606658488
0.273031588853
0.275183768668
0.277061896782
0.278657265622
0.280239397648
0.281584752238
0.282683209533
0.283660081218
0.284523892369
0.285188221838
0.285655401129
0.286030558926
0.286318378642
0.286459929324
0.286460348231
0.286400599546
0.286278574304
0.286061682519
0.285756276981
0.285448829899
0.285085169585
0.284669369516
0.284209642069
0.283749616809
0.283267954028
0.282769454535
0.282261149848
0.281753679625
0.281250221187
0.280755506498
0.280536712879
0.280331708292
0.280411434802
0.280790344189
0.281488599239
0.282200578408
0.28321598932
0.284538513094
0.286211154239
0.287903183898
0.289896213494
0.292196361117
0.294668281899
0.297275762824
0.300169432725
0.303353827622
0.306695088172
0.310151335918
0.313851806996
0.317794614955
0.321864312783
0.326019980715
0.330361529077
0.334882231488
0.339493814787
0.344159835549
0.348949687182
0.35385423872
0.358755076448
0.363730291052
0.368773880995
0.373852817454
0.378923047204
0.384020053301
0.389136752799
0.394260850836
0.399369386038
0.404471568844
0.409560511127
0.41464056774
0.419693060489
0.424717889078
0.429709749033
0.434683933195
0.439623604363
0.444523532337
0.449379803213
0.454214253547
0.459010650086
0.463762595257
0.468467652371
0.4731506162
0.477795085341
0.482396193468
0.486952679485
0.491489422034
0.495989329862
0.500450377289
0.504872078326
0.509163383059
0.513304818092
0.517181470783
0.520750643404
0.524180122222
0.527470035089
0.530493081397
0.533388851033
0.536038202645
0.538540950852
0.54080199469
0.542936092282
0.544835176742
0.546600915952
0.548136256226
0.549557670343
0.550762878496
0.551848389188
0.552734553211
0.55352729187
0.554141575143
0.554656695595
0.555015022808
0.555305096567
0.555461724516
0.555542387836
0.555512062413
0.555438876883
0.555277061609
0.555062598105
0.554780573846
0.554478293211
0.554126857685
0.553743245981
0.553328514826
0.552911636859
0.552477024908
0.552026514091
0.55158420191
0.551141922131
0.55070487642
0.550371929019
0.550163882249
0.550177073724
0.550426173144
0.550792058173
0.551287442176
0.552012499944
0.552979541319
0.554065111347
0.555285340284
0.556737501421
0.5584181629
0.56021739174
0.5621473887
0.564289499046
0.566660990474
0.569142861735
0.57174285608
0.574540246585
0.577535526061
0.580620500938
0.583802283294
0.587141659156
0.590639188546
0.594223533041
0.597849141803
0.601590463716
0.605442506154
0.609286564276
0.613207865578
0.617203460284
0.621265659923
0.625316021279
0.629404895464
0.633527477602
0.63767657601
0.641809723427
0.6459495669
0.650091176523
0.654228902434
0.658348235379
0.662451749649
0.666534891111
0.670603567507
0.674639021028
0.678643849505
0.682614626782
0.686564428788
0.690477212132
0.694352145109
0.698186811947
0.701997865662
0.705770646013
0.709503158396
0.713193874665
0.716860674213
0.720489661778
0.724079599432
0.72762975113
0.731082327912
0.734422950652
0.737580338596
0.740549009248
0.743421881672
0.746190430364
0.748782077772
0.751196659841
0.753517283316
0.755737533232
0.757788341731
0.759667538524
0.761532327562
0.763234805976
0.764784334737
0.766167350533
0.767539339381
0.768762331228
0.76983248167
0.770746140978
0.771651318495
0.77242520962
0.773062693742
0.773634576311
0.774141694739
0.774538274726
0.774825307864
0.775062792596
0.775249592927
0.775354525173
0.775380070362
0.775403111858
0.775369215455
0.775279142268
0.77513745905
0.774994398477
0.774817417224
0.774608435866
0.774371960036
0.774134869519
0.773883291257
0.773782189905
0.773855162015
0.773931294223
0.774164282746
0.774557409276
0.775117883874
0.775683888349
0.776409301165
0.777295823413
0.778360720903
0.779433942903
0.780665787517
0.782055644044
0.783448674607
0.784985896528
0.786669035825
0.788503773623
0.790340037409
0.792308774461
0.794406437859
0.796636521438
0.798863166697
0.801196742795
0.803640347489
0.806186672399
0.808724382351
0.811339964273
0.814032964922
0.816763596728
0.819503912593
0.822294253469
0.825130232404
0.827984936825
0.830834203098
0.83370564683
0.836594696469
0.839486176083
0.842360066593
0.845232964473
0.848100651503
0.850957793064
0.85378825821
0.856600489202
0.859391103922
0.862162249884
0.864900937339
0.867610371651
0.870288114523
0.872941296143
0.875559085921
0.878141846692
0.880687981969
0.883207409946
0.885690595653
0.888136869226
0.890530257914
0.892896604089
0.895227164947
0.897521556129
0.899635731177
0.901655562747
0.903585506093
0.905353857055
0.907036324802
0.908569129723
0.910010612667
0.911307329274
0.912524937215
0.913603722379
0.914602475134
0.91546801789
0.916266266383
0.916940564716
0.917546134742
0.918038942324
0.918478092617
0.918816828337
0.919100185096
0.919296271069
0.919453814853
0.919537244887
0.91957895697
0.919559353787
0.919515538599
0.919422718152
0.919301099991
0.919142113973
0.918971315297
0.91877333085
0.918557762893
0.918324917881
0.918090290616
0.917844870406
0.917591000399
0.917335316875
0.917085224682
0.916832050439
0.916585087138
0.916346444171
0.916117861846
0.915943407373
0.915900437499
0.915994485904
0.916161672715
0.916394956666
0.916761407988
0.917257378437
0.917826091376
0.918455420307
0.919216079467
0.920101630879
0.921053990469
0.922058543451
0.923177176069
0.924409572182
0.925700196511
0.927026931695
0.928443296282
0.92994623421
0.931490347868
0.933051585155
0.934671157696
0.936340947315
0.938031633545
0.939720880155
0.941436895804
0.943168477043
0.944901986287
0.946619136439
0.948336915447
0.950043113048
0.951736348618
0.953403059849
0.955051905123
0.956671060597
0.958267420198
0.959831649639
0.961366939898
0.962874887329
0.964349755028
0.965790271035
0.967196719326
0.968573030379
0.969913415715
0.971219429285
0.972490121926
0.973730362996
0.974934622994
0.976105455827
0.977241728871
0.978348455226
0.979420728162
0.980461041922
0.981468746837
0.982448466393
0.983396070248
0.984313408537
0.985195063061
0.986050523931
0.986837241877
0.987577662201
0.988249954191
0.988885103189
0.98946362854
0.990004933681
0.990515637807
0.990978815943
0.991396385262
0.991784653613
0.992148417126
0.992473406019
0.992760842512
0.993025358712
0.993270974809
0.993485972655
0.993669904378
0.993836119435
0.993988589634
0.994115983544
0.994218514814
0.994307795468
0.994386943415
0.994446969248
0.994488249939
0.994511656608
0.994534282068
0.994543762181
0.994540216329
0.994536143208
0.994522868594
0.994500629055
0.994470232229
0.994439495498
0.994403536409
0.994362730336
0.994317819567
0.994272677914
0.994225491812
0.994176717774
0.99412700871
0.99407716966
0.994054400909
0.994059326862
0.994093228629
0.994128084727
0.99419016759
0.994279764134
0.994381282684
0.994493835748
0.994631466575
0.994793386217
0.99495383519
0.995135981389
0.995337719776
0.995559172057
0.995776582273
0.996009561529
0.996256683336
0.996517189008
0.996769344436
0.997029319713
0.997295628474
0.997566042035
0.997822984982
0.998077777708
0.998328450731
0.998571822669
0.998796483014
0.999008662336
0.999206299898
0.999385020795
0.999542054525
0.999678461361
0.999792453832
0.99988177286
0.999945025167
0.99998202506
0.99999166673
0.99997306707
0.99992594322
0.999849708668
0.999743952135
0.99960839605
0.999443596595
0.999249155357
0.999025223261
0.998771460351
0.998489020104
0.998177930752
0.997838700432
0.99747048354
0.997074886294
0.996652335597
0.996203504093
0.99572644476
0.995223533488
0.994695546998
0.994146654336
0.993570973522
0.992998117058
0.992432859305
0.991861385942
0.99128776302
0.990729400928
0.990191087461
0.989656695665
0.989129195795
0.988627816493
0.988155173948
0.987718097695
0.98727524808
0.986866992822
0.986496246625
0.986142929353
0.985808929522
0.985514351755
0.98526160643
0.985008814343
0.984791968287
0.984613362852
0.984473274563
0.98433418044
0.98422604924
0.984149869409
0.984104734582
0.984060778551
0.984040084433
0.984042663362
0.984066950346
0.984092009078
0.984131906643
0.984186030222
0.984248192261
0.984312868831
0.984385291548
0.984464335664
0.984548636033
0.984632762299
0.984718765366
0.984805785605
0.984871746504
0.984912135538
0.984907457659
0.984854659806
0.984775613101
0.984674141286
0.984524685377
0.98432580043
0.984123817377
0.983872874976
0.983571538998
0.983215270609
0.982852118127
0.982435441222
0.981961600324
0.981426213736
0.980879985717
0.980275503454
0.979611038213
0.978881478372
0.978136209272
0.977332590978
0.976466371122
0.97555656743
0.974611373192
0.97360715913
0.972542324035
0.971432844917
0.970287719197
0.969087498261
0.967831811727
0.966532638067
0.965199133342
0.963817024894
0.962387079044
0.960916732234
0.95941485714
0.957872394132
0.956290905085
0.954673172034
0.953027571702
0.951349557722
0.949641106959
0.947900710894
0.946136297885
0.944346737813
0.942545140103
0.940716139751
0.938867363788
0.936999779598
0.935127210051
0.933230457779
0.931317152732
0.929389079189
0.92746010289
0.92550908536
0.923543413236
0.921564500407
0.919585855914
0.917645082177
0.915748791034
0.913969667434
0.912242469837
0.910635359796
0.9090896254
0.907674648253
0.906322154927
0.905097993233
0.903946623476
0.902925732422
0.901969856959
0.901143277588
0.90038677517
0.899754273836
0.899182087769
0.898724325943
0.898328214064
0.898034710624
0.897788713796
0.897631987372
0.897523907528
0.897491269606
0.897490643126
0.897551527325
0.897646756681
0.897789873007
0.897950083291
0.898146013983
0.898363043492
0.898603872246
0.898849253786
0.899109264251
0.899379663457
0.899655257364
0.899926242063
0.900196551677
0.900469575201
0.900733668114
0.900989558459
0.901234544642
0.901421185418
0.90152976124
0.901500419985
0.901327830989
0.901077216163
0.900748057949
0.900280404808
0.899662134252
0.89896518318
0.898183253488
0.897259339911
0.896180095053
0.895018082363
0.893770574806
0.892379666257
0.890840917701
0.889223613961
0.887524579108
0.885695962854
0.883733495656
0.88170268563
0.879595894781
0.877379765243
0.875053451444
0.872702521514
0.870263227
0.867735379266
0.865122300053
0.862482857362
0.859776552987
0.857005252074
0.854173069515
0.851313655644
0.848407759369
0.845458734875
0.842487112851
0.839489652922
0.83646425793
0.833414953986
0.830337216015
0.82724483981
0.824137993524
0.821020133068
0.817880881387
0.814731675305
0.811575809459
0.808416043765
0.805238533184
0.802053954068
0.798866746987
0.795679050975
0.792475302834
0.789266263023
0.786055589924
0.782844676899
0.779617580788
0.776385706657
0.773150641135
0.769913147106
0.766732494998
0.763623220562
0.76065994962
0.757853165348
0.755115657105
0.752455202792
0.749949239917
0.747599942811
0.745245488931
0.74304405631
0.740993052175
0.739131209046
0.737267844332
0.735551818838
0.733986980696
0.732499462117
0.731093165427
0.729840173001
0.728747058812
0.727732833913
0.726796905461
0.726002692255
0.725352842361
0.724771527961
0.724258143309
0.723862188125
0.723583122779
0.723356294599
0.723183667906
0.723098573771
0.723098248843
0.723131992879
0.723205180245
0.723335273013
0.723518472116
0.723702855473
0.723920700934
0.724169643752
0.724444760064
0.72471979637
0.725007613775
0.725134583454
0.7250775152
0.725017542998
0.72479290681
0.724400722675
0.723832353331
0.723257353138
0.72251369162
0.721597979798
0.72058827688
0.719500808067
0.718245961576
0.716823416786
0.715298455329
0.713695067599
0.711915689361
0.709976665425
0.707935527625
0.705819045766
0.703536060371
0.701080268669
0.698518318344
0.695883150477
0.693089958446
0.690136008321
0.687162453317
0.684054151617
0.680806640928
0.677421862593
0.674016132104
0.670500696432
0.6668746892
0.663142029628
0.659388202681
0.65555213964
0.651635480469
0.647661644034
0.643658114607
0.639597050732
0.635482909146
0.631326234703
0.627150409963
0.622939702945
0.618698842526
0.61442765299
0.610146369468
0.605848397752
0.601538139936
0.597206954389
0.592872762891
0.588534527926
0.584195857297
0.579842198021
0.575490169805
0.571141277007
0.56679826
0.562443142924
0.558092191567
0.553747199853
0.549620246257
0.545597687015
0.541692825088
0.538018737354
0.534585804397
0.531274541469
0.528093176026
0.525155131537
0.522471923462
0.519919088862
0.517502686395
0.515343217566
0.513432612816
0.511531039452
0.509852737838
0.508410734735
0.507208349261
0.506014980915
0.505019492042
0.50422956879
0.503641786788
0.503061964935
0.502639069377
0.502375677673
0.502182811142
0.502062870022
0.5020582636
0.50216359736
0.502311127497
0.502509628413
0.502777938665
0.503110034449
0.503443152769
0.503813935656
0.504218586251
0.504650266385
0.505081597256
0.505523049795
0.505970502485
0.506418276846
0.506865005029
0.507074621514
0.507031661834
0.506722812888
0.506402349288
0.505825397557
0.504982211445
0.503853674951
0.502709719977
0.501298112382
0.4996199276
0.497641073626
0.495642551692
0.493386706893
0.490870934911
0.488206404442
0.48542663462
0.482407073682
0.479143336622
0.475742089804
0.472240457369
0.46853277797
0.464620010802
0.460591227773
0.456482481843
0.452212862645
0.447787254948
0.443271821722
0.438699051123
0.434013273785
0.429221564818
0.424366181492
0.419475285509
0.41451551575
0.409518868519
0.404482401597
0.399430758856
0.3943482793
0.38927059933
0.384171426566
0.379072430391
0.373970144122
0.368901201231
0.363823569917
0.358755963658
0.353701557528
0.348696144127
0.343682322923
0.338686264005
0.333712030967
0.328737899023
0.323788316188
0.318855204353
0.31394259751
0.309030022093
0.304138297138
0.299260341425
0.294397127386
0.289530110512
0.284678130527
0.279961111662
0.275542640358
0.271269502943
0.267296312934
0.263481257986
0.259979070768
0.256627804317
0.253573948716
0.25069091264
0.247951144456
0.245484470451
0.243311736267
0.241299223394
0.239418475035
0.237800016953
0.23645136551
0.23524631125
0.234153845002
0.233283354653
0.232635730829
0.232106182811
0.231661799654
0.231386561798
0.23127721224
0.23125673749
0.231291579012
0.231440657812
0.23169807195
0.232015240744
0.232359967206
0.232769449906
0.23323665496
0.233706039698
0.234206612376
0.234733002732
0.235277133063
0.235821485975
0.236366241814
0.236906117563
0.237449659385
0.23797255566
0.238236070967
0.238222496227
0.237902400258
0.237573558733
0.236961104262
0.236052445911
0.234858488331
0.233653654201
0.232151000936
0.230357428917
0.228409808432
0.226292940984
0.223902175223
0.221218163015
0.218384623138
0.215435991764
0.212229168768
0.208758580292
0.205272663147
0.201565553997
0.197628633763
0.193464502436
0.189285099483
0.184926484302
0.180386410218
0.175671861036
0.17094452495
0.166087160925
0.161101918411
0.155997316979
0.150882559056
0.145684815811
0.140409053305
0.135089520323
0.129763310031
0.124396132881
0.118994484358
0.1135634331
0.108137394599
0.10270149059
0.0972620467929
0.0918101187638
0.0863735703466
0.0809475130667
0.0755370535994
0.0701242299564
0.0647328844082
0.0593642344719
0.0540222848165
0.0486839693958
0.0433704809016
0.0380851629916
0.0328307061421
0.0275819195452
0.0223586325629
0.0171633890008
0.0119977649818
0.00683679725235
0.00170013752409
-0.00318908957463
-0.00781738140425
-0.0124441841838
-0.01683150536
-0.0209753200384
-0.0248273700195
-0.0286787631319
-0.0322944584336
-0.0356570987349
-0.0389062649115
-0.0420260964071
-0.0449016046407
-0.0475499075653
-0.0500758618161
-0.0524723209359
-0.0546289771769
-0.0565523882346
-0.0583524186921
-0.0600346195018
-0.0614980473414
-0.0627369683803
-0.0638641962353
-0.0648849864614
-0.0657165928479
-0.0663582335481
-0.0669922365692
-0.0674768464275
-0.0678094903636
-0.0679958614836
-0.0681768712958
-0.0682493546016
-0.0682136071469
-0.0680771089111
-0.0679371968708
-0.0677286674443
-0.0674542632016
-0.0671216143087
-0.0667875900869
-0.0664194879655
-0.066021129802
-0.0655992518846
-0.0651775965851
-0.0650047137236
-0.0650860848686
-0.0651723322441
-0.0654913023419
-0.0660465842325
-0.066853554639
-0.0676691522733
-0.0687223001509
-0.0700173605782
-0.0715626692954
-0.0731167318136
-0.0749128217213
-0.076944213424
-0.0792241312683
-0.0815179420228
-0.0840467680775
-0.0868144001895
-0.0898369873602
-0.0928725402919
-0.0961332240275
-0.0996238035037
-0.103245605505
-0.106957576533
-0.110872679933
-0.114991848671
-0.119227675313
-0.123533412454
-0.12800328534
-0.132633839327
-0.137356990188
-0.142126796593
-0.147014287796
-0.152013251713
-0.157077544569
-0.162165714849
-0.167326228428
-0.172551830479
-0.177817305221
-0.183087022001
-0.188390191141
-0.193719661088
-0.199068069408
-0.204405338538
-0.209745985567
-0.215083693922
-0.220424881989
-0.225744010971
-0.231045788669
-0.23629312893
-0.241533101142
-0.246743354015
-0.251923384793
-0.257037221474
-0.262138802102
-0.26720757494
-0.272241341425
-0.277206323587
-0.282157637555
-0.286949907778
-0.291432347424
-0.295552133312
-0.299656547061
-0.303464916202
-0.30695632348
-0.310286107816
-0.313454688728
-0.316315992782
-0.318873564078
-0.321270557487
-0.323513650918
-0.325471009601
-0.327135801607
-0.328650710975
-0.330031223401
-0.331164401479
-0.332049286767
-0.332811093823
-0.333464108101
-0.333922768567
-0.334190797082
-0.334369242176
-0.334466321746
-0.334426713109
-0.334256917048
-0.334082959402
-0.333820262469
-0.333472507676
-0.333049255399
-0.332624296159
-0.332154362212
-0.331644548747
-0.331103467871
-0.330562233305
-0.330010307355
-0.329453231777
-0.328898043534
-0.328344118208
-0.327803603559
-0.327281470203
-0.327045273354
-0.32682530159
-0.326906814457
-0.327303388918
-0.327868604099
-0.328601079165
-0.329633258564
-0.330977268399
-0.332497618957
-0.334162290246
-0.336137883698
-0.338418719556
-0.340871005765
-0.343456444319
-0.346326710348
-0.349486109351
-0.352657234057
-0.356067115062
-0.359722889617
-0.363619622074
-0.36752237798
-0.371610183053
-0.375884044633
-0.380334771192
-0.384785279931
-0.389362642927
-0.394063505135
-0.398860493688
-0.403651928185
-0.408514249066
-0.413441269202
-0.418401671292
-0.42336203428
-0.428349669136
-0.433356371466
-0.438371384213
-0.443369146744
-0.448360777018
-0.453339394778
-0.458309608189
-0.463251087482
-0.468164170345
-0.473043400865
-0.477903974794
-0.482728719107
-0.487512474388
-0.492251425278
-0.496967101894
-0.501643833576
-0.506275110936
-0.510858588211
-0.515418474415
-0.519939310778
-0.524415876853
-0.528818454448
-0.533198899467
-0.53754148135
-0.541843941972
-0.546078644834
-0.5501885785
-0.554157768687
-0.557881163961
-0.561321593871
-0.564632319204
-0.567814569031
-0.570750449246
-0.573570468965
-0.57616374675
-0.578621367834
-0.580855122447
-0.582977102502
-0.584878448661
-0.586655215129
-0.588214376934
-0.589664034781
-0.590907174311
-0.5920370617
-0.592974708615
-0.593819500353
-0.594489887633
-0.59506523195
-0.595486456006
-0.595837800259
-0.596056025068
-0.596200384551
-0.596233205302
-0.596220381274
-0.596116795088
-0.59596091349
-0.595734794863
-0.595485159801
-0.595182876161
-0.594847612408
-0.594477515252
-0.594102238886
-0.593705251106
-0.593290883907
-0.592882081416
-0.59246954566
-0.592058289717
-0.591745603653
-0.591547986535
-0.591554877964
-0.591778480443
-0.592108248647
-0.592556483566
-0.593213715
-0.594091305128
-0.595072783531
-0.596177087032
-0.597491789831
-0.599016280213
-0.600650036484
-0.602403333395
-0.604354913496
-0.606514477275
-0.608778977001
-0.611152169503
-0.613712277744
-0.61645827986
-0.61929308665
-0.622219783044
-0.625299994182
-0.628536109923
-0.631769452627
-0.635122826478
-0.638597393398
-0.642187536349
-0.645769743407
-0.649434464018
-0.653179750391
-0.656998753674
-0.66080558012
-0.664658286596
-0.668552920876
-0.672482651233
-0.676396393333
-0.680324348043
-0.684261893623
-0.68820153858
-0.692117901941
-0.696024869626
-0.699917857154
-0.703800170239
-0.707651349553
-0.711477282015
-0.715274312843
-0.719052752157
-0.722795477337
-0.726503444904
-0.73017398951
-0.733821511724
-0.737431290988
-0.741002335663
-0.744533002444
-0.748039455667
-0.751508321935
-0.754938664015
-0.758329600512
-0.761622576022
-0.764805507205
-0.76780711902
-0.770621611195
-0.773420229738
-0.776048025939
-0.778503758472
-0.780782482185
-0.783046361829
-0.785142550344
-0.787075008626
-0.788834338458
-0.790578728844
-0.792161721276
-0.793582290189
-0.794921215401
-0.796172682603
-0.79727181802
-0.798218702518
-0.799089239436
-0.799885311053
-0.800550763887
-0.801084669264
-0.801612784598
-0.802035705592
-0.802351039704
-0.802561977715
-0.802768866805
-0.802896454792
-0.802944415031
-0.802917276578
-0.802887354707
-0.802804592586
-0.802670418419
-0.802489808433
-0.802307803513
-0.802096675094
-0.801858764603
-0.801598616862
-0.801338131035
-0.801067389244
-0.800945931975
-0.800909562683
-0.800954597934
-0.801150905889
-0.801507290553
-0.801957399568
-0.802493093781
-0.803182357861
-0.804030188445
-0.804967144026
-0.805976244302
-0.807136068746
-0.808449390803
-0.809849586007
-0.811317866083
-0.81293824757
-0.814701620821
-0.816541992168
-0.818438816541
-0.820464405582
-0.822618703413
-0.824838580314
-0.827098248813
-0.829458850515
-0.831917271163
-0.83442239089
-0.836948093487
-0.839540998247
-0.842196281791
-0.84483535202
-0.847512952799
-0.850226124014
-0.852957648543
-0.855668247208
-0.858388998838
-0.86111628189
-0.863838735948
-0.866538740503
-0.869228561329
-0.871904449205
-0.874564143804
-0.877194047094
-0.879799844909
-0.88237868306
-0.884934490021
-0.887456327317
-0.889945566503
-0.892400150773
-0.894827932327
-0.897219738864
-0.899574904947
-0.901892194071
-0.904181494394
-0.906434673724
-0.908650669798
-0.91082887714
-0.912979687341
-0.915095427599
-0.917175553516
-0.919088907758
-0.920907425954
-0.922640006054
-0.924221654467
-0.925658578099
-0.927013643865
-0.92828903825
-0.929428689843
-0.930436313604
-0.931375777274
-0.932246184894
-0.932997825404
-0.933689732139
-0.934272333095
-0.934794316936
-0.935217431496
-0.935593460367
-0.935882088288
-0.936122872437
-0.936287945555
-0.936419405208
-0.936486640517
-0.936518055408
-0.936496342553
-0.936453374274
-0.936367949174
-0.93625788645
-0.936115550892
-0.935962738436
-0.935786497542
-0.935595382231
-0.935389541447
-0.935181984365
-0.93496618108
-0.934743271729
-0.934519007091
-0.934299439102
-0.934082559303
-0.933864180383
-0.933653558936
-0.933451733631
-0.933350016973
-0.933309002087
-0.933397221636
-0.933549711264
-0.93381181176
-0.934138546895
-0.934588572237
-0.935103618272
-0.935725799041
-0.936407009667
-0.937203792027
-0.938062250381
-0.938966117321
-0.939970763515
-0.941075152298
-0.942229363322
-0.943413882628
-0.944675090095
-0.946009781062
-0.947377355269
-0.948756883162
-0.950183222395
-0.951648820857
-0.95312821117
-0.954602814887
-0.956095901013
-0.957597540873
-0.959095834939
-0.960576098159
-0.962051988148
-0.963513004252
-0.964957745444
-0.966375633989
-0.967773392077
-0.969141081472
-0.970484291588
-0.971795920562
-0.973078299813
-0.974332566995
-0.975554186908
-0.976742490965
-0.977897601218
-0.979022605479
-0.980113009774
-0.981170272958
-0.982193673551
-0.983187041382
-0.984146149618
-0.985073105323
-0.98596714873
-0.98683217592
-0.987664512292
-0.988464490881
-0.989234025475
-0.989976333104
-0.990688242557
-0.991370208559
-0.992019433411
-0.992643158269
-0.99321193144
-0.993727543109
-0.994222525027
-0.994671478753
-0.995077102704
-0.995441285142
-0.995790732585
-0.996104059741
-0.996383956276
-0.996641498677
-0.996880312289
-0.997091954141
-0.997278725736
-0.997440840771
-0.997597101293
-0.997732744071
-0.997848286759
-0.997952025628
-0.998046488282
-0.998125423823
-0.998189282147
-0.998251436412
-0.998301822306
-0.998340623718
-0.9983684673
-0.998395624829
-0.998414567277
-0.998425389748
-0.998428561338
-0.998431445624
-0.998428832833
-0.998420804214
-0.998407765999
-0.998394514238
-0.998377904416
-0.998358091893
-0.998336237099
-0.998313980955
-0.998290037486
-0.998264709502
-0.998238333479
-0.998211778694
-0.998199934494
-0.998203043825
-0.998206489258
-0.998223732875
-0.998254798391
-0.998300332841
-0.998345594117
-0.998403626205
-0.998473921075
-0.998555990725
-0.998636241009
-0.99872633664
-0.998824656265
-0.998930417128
-0.999031778575
-0.999137770049
-0.999246819959
-0.999357563816
-0.99945985099
-0.999559852902
-0.999655368683
-0.999741898937
-0.999817308241
-0.999882261801
-0.999934418578
-0.999970686989
-0.999989467674
-0.999989607886
-0.999968887517
-0.999925787884
-0.999859712039
-0.999768362976
-0.999650070905
-0.999504491535
-0.99933213551
-0.999130400693
-0.99889835743
-0.998636162948
-0.998345282639
-0.998023509606
-0.997670635484
-0.997288540817
-0.996875958442
-0.996433100163
-0.995960315303
-0.995458017552
-0.994926760905
-0.994367223567
-0.99378370974
-0.993171686829
-0.992533325319
-0.991869534518
-0.99117789687
-0.990461551583
-0.989721077633
-0.98895724944
-0.988166938007
-0.987353324061
-0.986555011988
-0.985778961193
-0.985004702192
-0.984236081165
-0.983497928642
-0.98279504306
-0.982105008311
-0.981431011935
-0.980798733515
-0.980212985099
-0.979648477995
-0.97910787401
-0.978619076461
-0.978182017598
-0.977743269031
-0.97735255521
-0.977014037218
-0.976729599538
-0.976445825089
-0.976207571347
-0.976017261112
-0.975874601675
-0.975733546796
-0.975629877201
-0.975564391592
-0.975535529904
-0.975508075149
-0.975507295005
-0.975532908388
-0.975573593297
-0.975620833748
-0.975684769664
-0.975764090692
-0.975856853261
-0.975949808951
-0.9760502531
-0.976157086984
-0.976263807418
-0.976372597223
-0.976482352387
-0.976591642763
-0.976700406155
-0.976752134519
-0.976744811764
-0.976674528546
-0.976601459828
-0.976467827014
-0.976270682987
-0.976006474547
-0.975738194103
-0.975404645398
-0.975003543196
-0.974525193241
-0.974038016063
-0.973481298419
-0.972852133386
-0.972177786284
-0.971465048219
-0.970678813148
-0.969815414905
-0.968902398399
-0.967948778997
-0.9669220144
-0.965819706003
-0.964666443762
-0.963472224984
-0.962209795933
-0.960878348465
-0.95949752909
-0.958077444536
-0.956597540281
-0.95505843593
-0.953473821215
-0.951853403087
-0.950183557029
-0.948465985907
-0.946708095766
-0.944919016626
-0.943091378201
-0.941237650871
-0.939349872126
-0.937436694262
-0.935495716437
-0.933541227459
-0.931558203337
-0.929554964539
-0.927532403011
-0.925505606226
-0.923454713037
-0.921387490181
-0.919306314185
-0.917226312428
-0.915125054423
-0.913009763969
-0.910882859321
-0.908759101636
-0.906615354724
-0.904458506691
-0.902289971616
-0.900101018636
-0.898023091597
-0.896004410436
-0.89411289783
-0.892282600725
-0.890590763053
-0.888964806439
-0.887483105986
-0.886070527342
-0.884800234276
-0.883606760095
-0.882559050846
-0.881584919233
-0.88074951764
-0.879988502202
-0.879359388878
-0.878795336216
-0.878292141555
-0.877899474582
-0.877617198434
-0.877386748403
-0.877204462168
-0.877105819633
-0.877088384843
-0.877106802664
-0.877159577759
-0.877267477321
-0.87742687445
-0.877606204479
-0.877807007935
-0.87803721611
-0.878293067965
-0.878555313143
-0.878828593002
-0.879110950194
-0.879399084111
-0.879683532047
-0.879971526513
-0.880254305521
-0.880528783369
-0.880794605586
-0.881058720599
-0.881181871498
-0.88122445715
-0.881120516767
-0.880944283349
-0.880614288821
-0.880198605846
-0.87963408046
-0.878994239034
-0.878195541549
-0.877304959066
-0.876263894084
-0.875140991867
-0.873861313467
-0.872488922947
-0.870965506494
-0.86936264718
-0.867608885715
-0.865765364264
-0.863782861355
-0.861726603464
-0.859537103961
-0.857266409791
-0.854877857236
-0.852425243978
-0.849863625942
-0.847232620224
-0.844509263289
-0.841733900497
-0.838876135522
-0.835962076172
-0.83298169139
-0.82996206891
-0.82688555487
-0.823765282361
-0.820602252538
-0.817411984842
-0.814204355432
-0.810964654803
-0.807702435066
-0.80442414251
-0.801148643281
-0.797849664501
-0.794542583538
-0.791227418585
-0.787891878798
-0.784553811508
-0.781215718154
-0.777873286997
-0.77451325108
-0.771153626682
-0.767796007525
-0.764435073269
-0.761056856636
-0.757679055425
-0.754302706361
-0.750928204317
-0.747534895621
-0.744139251669
-0.740742377555
-0.737528237239
-0.734299531981
-0.731225393389
-0.728311539128
-0.725385091535
-0.722607850295
-0.719984332368
-0.717522016506
-0.715055553351
-0.712747174736
-0.710594940924
-0.708613441486
-0.70663555443
-0.704821808587
-0.703166630285
-0.701685985197
-0.700210845684
-0.698892989435
-0.697742902763
-0.696686712301
-0.695701246335
-0.694863573445
-0.694178646948
-0.693569259164
-0.693030368576
-0.69261600538
-0.69232519998
-0.692039523331
-0.691847944543
-0.691750852358
-0.691743390201
-0.691738890651
-0.691798513401
-0.691921121651
-0.692101211383
-0.692282992327
-0.692501800761
-0.692755122642
-0.69303762315
-0.693320523527
-0.693617904303
-0.693743581652
-0.693673193096
-0.69359955461
-0.693350227791
-0.692922182715
-0.692404616876
-0.691791267683
-0.691006540534
-0.690041800681
-0.688978239031
-0.68783184355
-0.68651276283
-0.685011002801
-0.683497450484
-0.681810360827
-0.679957772103
-0.677925819765
-0.675878638626
-0.673665367584
-0.671285679217
-0.66872887984
-0.666155135838
-0.663425480136
-0.660531074975
-0.657469602973
-0.654389147908
-0.651169050348
-0.647804463421
-0.644347206166
-0.64083508947
-0.637204796204
-0.633458151574
-0.62963366315
-0.625766593256
-0.62180988293
-0.617767346765
-0.613663576179
-0.609529786942
-0.605334754366
-0.601083317324
-0.596786835197
-0.592471982568
-0.588120713757
-0.58373797674
-0.579323775012
-0.574900752517
-0.570460628382
-0.566007927365
-0.561533858398
-0.557058109883
-0.552578707039
-0.548099443137
-0.543605406012
-0.539114494189
-0.534627884789
-0.530148489252
-0.525657750097
-0.521172824181
-0.516695512061
-0.512487692399
-0.508399529182
-0.504436692287
-0.500731282795
-0.497288908069
-0.493986596845
-0.490823458611
-0.487935598366
-0.485321717228
-0.482716940252
-0.480367163752
-0.478279593959
-0.476323301989
-0.474502257185
-0.472926400347
-0.471601834091
-0.470397481695
-0.469313727264
-0.46843988265
-0.467775946088
-0.467207474409
-0.466736810275
-0.466428412102
-0.466278385419
-0.466194959132
-0.466184501375
-0.466285888433
-0.466492979262
-0.466738483741
-0.467032987915
-0.467391982461
-0.467808699919
-0.468226114548
-0.46867516975
-0.46915124925
-0.469647039628
-0.47014192067
-0.470640359472
-0.471137714861
-0.471628186811
-0.472117050624
-0.47235223462
-0.472314261376
-0.47198953656
-0.471651974779
-0.47103683565
-0.470140365674
-0.468941544098
-0.467724926442
-0.466223742499
-0.464435060418
-0.462321774845
-0.460187886895
-0.457781929102
-0.455094076341
-0.45224632116
-0.449278120259
-0.446058882752
-0.442585977454
-0.438971095961
-0.435254156155
-0.431328462204
-0.42719661129
-0.422949331343
-0.418623130794
-0.414139549542
-0.409504875646
-0.404784342687
-0.400009553727
-0.395129197596
-0.390151393215
-0.38511570697
-0.380048847468
-0.374922391654
-0.369744809748
-0.364532624335
-0.359308757281
-0.354062022339
-0.348829852486
-0.34358163114
-0.33833795576
-0.333098920328
-0.327902927848
-0.322702606145
-0.31751722484
-0.312352711612
-0.307246401828
-0.302133115949
-0.297044136229
-0.291983746597
-0.28692622775
-0.281899004902
-0.276892977099
-0.271912707323
-0.266934371123
-0.261981109075
-0.257045458068
-0.252128327101
-0.247208652761
-0.242306932471
-0.237544315022
-0.233072931304
-0.228737237386
-0.224693258017
-0.220796895573
-0.217201048999
-0.213747161864
-0.210581963694
-0.20757827084
-0.204713445613
-0.202118500817
-0.199806083959
-0.197648927585
-0.195623609307
-0.193858074228
-0.192362199583
-0.191009371
-0.189772292705
-0.188761558432
-0.187979438379
-0.187317742836
-0.186745806535
-0.186351009105
-0.186130855435
-0.186003878032
-0.185937213775
-0.185994113579
-0.186169346536
-0.186409572513
-0.186682058013
-0.18702839726
-0.187441928731
-0.187858034742
-0.188313201781
-0.188802410708
-0.189317464031
-0.189833053403
-0.190355410584
-0.190879395166
-0.19141089106
-0.191923818929
-0.192187222925
-0.192184045514
-0.191896983315
-0.191599803793
-0.191033430212
-0.190186982676
-0.189072377559
-0.187947798244
-0.186541275
-0.184854072299
-0.183017761588
-0.181021381682
-0.178758996263
-0.176219980448
-0.173540011698
-0.170745288498
-0.16769642977
-0.164392860024
-0.161074901298
-0.157536372655
-0.153766778938
-0.149766327224
-0.145751196116
-0.14155009302
-0.137158960225
-0.132583312034
-0.127995493848
-0.123267120926
-0.118398906729
-0.113398506288
-0.108388592276
-0.103283983545
-0.0980886351346
-0.0928351113006
-0.0875754812371
-0.082263957052
-0.0769064486529
-0.071512918466
-0.0661211904295
-0.0607102729643
-0.0552865089551
-0.0498455434471
-0.0444174080276
-0.038992912517
-0.0335773791869
-0.0281567049788
-0.0227558023923
-0.0173732820748
-0.0120134692341
-0.00665622326499
-0.00132297888237
0.00398411861535
0.00926202666979
0.0145339895808
0.0197804551405
0.0249990412035
0.0301878466739
0.0353707372054
0.0405286571465
0.0454363715047
0.0500797644394
0.0547204629305
0.0591179024129
0.0632672364896
0.067156462132
0.0710378214909
0.0746710413749
0.078055718626
0.081317084697
0.084440084554
0.0873226855304
0.0899588060423
0.0924665178999
0.094838835665
0.0969633941937
0.0988547208338
0.100620655215
0.102269041246
0.103698262886
0.104902837743
0.106097963768
0.107106168718
0.107920499489
0.108543638524
0.109159066186
0.109624160177
0.10993634881
0.11010175978
0.110261484682
0.110313183671
0.110257547501
0.110102358206
0.109943859315
0.10971813028
0.109428050847
0.109081304494
0.108733253789
0.108352517454
0.107942986314
0.10751158726
0.107211439245
0.107151811199
0.107352814774
0.107690534385
0.108145301235
0.108847670407
0.109807393994
0.110773770974
0.111982983298
0.113439652662
0.115150547602
0.116873290081
0.118840635239
0.121053911427
0.123529049427
0.126018015518
0.12874715897
0.131717311978
0.13494155101
0.138177878398
0.141633048384
0.145318017676
0.14923243647
0.153157042755
0.157265521722
0.161562574503
0.165964184718
0.170428589784
0.17503839733
0.179788892645
0.184617153511
0.189484925861
0.194452053316
0.199511875066
0.204623285568
0.209752609775
0.214938296007
0.220172915979
0.225435641977
0.230697539447
0.235979817906
0.241275513475
0.246580878708
0.251871043742
0.257155004797
0.262426898447
0.267695856525
0.272939848107
0.278160324811
0.283320947463
0.288470226981
0.293587939929
0.298672132134
0.303687770684
0.308689116096
0.313656601105
0.31858787157
0.323450156864
0.328298074483
0.332988424564
0.337358833143
0.34156770351
0.345463967398
0.349175658881
0.352564522892
0.355782978194
0.358695272069
0.361430395447
0.363860793546
0.366130611166
0.368104075591
0.369917047755
0.371448143891
0.372836324065
0.373964608124
0.374955819729
0.375715091256
0.376362133723
0.376805658629
0.377141705684
0.377305550293
0.377392134753
0.377402223092
0.377289080201
0.377059237198
0.376784027717
0.376457866121
0.376059858246
0.37559729779
0.375116296057
0.374605921627
0.374066419349
0.373504731662
0.372945937531
0.372374617238
0.371805934374
0.371245551757
0.370702689702
0.370158687601
0.369637779403
0.369401114977
0.36934565454
0.369430579346
0.369835184161
0.370555781924
0.371449942378
0.372499003624
0.373861280366
0.375534548892
0.377384463995
0.379376416575
0.381671642951
0.38427508978
0.387048314821
0.389946953516
0.393114959368
0.396552792605
0.400135833185
0.403816458817
0.407711211034
0.411815014122
0.416028535541
0.420307352929
0.42473666979
0.429295579883
0.433926298257
0.438589366712
0.443339812984
0.448148493079
0.45299439646
0.457844936522
0.462730226132
0.467616879338
0.472513230659
0.477393837928
0.482270851217
0.487109694678
0.491933586803
0.496734454138
0.50150643678
0.506260290672
0.510980969337
0.515663483628
0.520304049059
0.524919824239
0.529499563251
0.534036398507
0.538528018483
0.542994254136
0.547424482585
0.551812290723
0.55615621892
0.560476566512
0.564761866982
0.569008109787
0.573214646725
0.577400884503
0.581553937836
0.58567322051
0.589560809883
0.593328302426
0.596966629861
0.600381126476
0.603540077533
0.606584023141
0.609510268307
0.612214107677
0.614816573307
0.617215071615
0.619489116719
0.621561619095
0.623537329652
0.625315239602
0.626979007277
0.628446223332
0.629815648277
0.6309973984
0.632074769355
0.632976290554
0.633793362524
0.634449833759
0.635018117078
0.635443740507
0.635804656064
0.636041377385
0.636209083872
0.636272231079
0.636292254058
0.636226290351
0.636110966152
0.635928535515
0.635723060363
0.635466437313
0.635178237361
0.634855485362
0.634526454315
0.634174904352
0.633806227782
0.633428540521
0.6330572109
0.632881878882
0.632807478196
0.632833666278
0.633044937845
0.633451785527
0.633953852325
0.634562769734
0.635360063538
0.636354713602
